response_id,manager_id,good_coach,empowers_team,inclusive_environment,results_oriented,good_communicator,supports_career_development,clear_vision,technical_competence
1,MGR001,2,3,4,4,4,3,2,4
2,MGR001,3,3,3,3,3,3,3,4
3,MGR001,4,4,4,3,5,4,4,3
4,MGR001,4,2,2,3,5,3,3,4
5,MGR001,4,3,4,4,4,3,3,4
6,MGR001,3,3,3,2,4,3,1,5
7,MGR001,3,3,3,4,4,4,3,4
8,MGR001,4,4,4,4,3,3,3,2
9,MGR001,2,3,3,3,4,4,4,4
10,MGR001,3,2,3,4,4,4,4,3
11,MGR001,4,3,4,4,2,3,4,3
12,MGR001,3,3,5,2,3,4,3,4
13,MGR001,3,4,3,3,3,3,3,3
14,MGR001,4,4,3,3,3,4,4,3
15,MGR002,3,3,3,5,3,4,3,4
16,MGR002,4,3,3,4,2,3,3,2
17,MGR002,3,3,3,4,5,4,4,4
18,MGR002,3,4,4,3,4,2,2,3
19,MGR002,4,3,4,3,3,4,3,3
20,MGR002,2,3,3,2,2,4,3,3
21,MGR002,4,4,4,3,3,3,3,5
22,MGR002,3,3,3,5,3,4,4,4
23,MGR002,4,3,2,5,4,4,3,4
24,MGR002,3,4,4,4,3,3,3,2
25,MGR003,4,4,3,3,4,3,3,3
26,MGR003,3,3,3,3,3,3,1,3
27,MGR003,4,3,3,3,3,5,4,4
28,MGR003,3,5,3,3,4,3,3,2
29,MGR003,3,3,3,3,3,3,3,2
30,MGR003,3,3,3,3,2,4,2,2
31,MGR003,3,3,3,3,3,3,3,4
32,MGR003,3,2,4,4,4,4,2,3
33,MGR004,2,3,2,2,3,3,2,3
34,MGR004,3,3,3,2,2,1,3,2
35,MGR004,2,3,3,2,2,2,3,2
36,MGR004,2,2,3,1,3,2,3,2
37,MGR004,2,3,4,3,3,2,3,2
38,MGR004,3,3,3,2,2,1,2,2
39,MGR005,3,3,2,1,3,4,3,3
40,MGR005,3,3,2,3,2,2,2,2
41,MGR005,3,3,3,3,3,3,3,2
42,MGR005,4,3,2,2,4,3,3,3
43,MGR005,3,2,3,2,3,2,4,4
44,MGR005,4,3,2,2,3,4,2,3
45,MGR005,3,3,3,2,3,4,3,2
46,MGR005,2,3,3,3,4,1,3,3
47,MGR005,3,3,3,3,3,2,2,3
48,MGR006,3,5,4,3,3,3,3,4
49,MGR006,3,3,4,3,4,4,4,5
50,MGR006,3,4,2,4,3,3,5,4
51,MGR006,3,2,2,2,4,4,3,4
52,MGR006,4,3,3,4,3,4,5,4
53,MGR006,4,3,3,4,4,3,4,5
54,MGR006,4,4,3,3,4,5,4,3
55,MGR006,3,4,4,2,4,3,5,4
56,MGR006,3,3,3,3,3,3,4,2
57,MGR006,2,3,3,4,4,3,3,3
58,MGR006,3,4,3,3,4,4,4,5
59,MGR006,3,4,3,4,4,3,3,5
60,MGR006,3,3,3,3,4,3,5,3
61,MGR006,4,3,4,4,5,3,2,4
62,MGR007,3,3,3,2,4,4,4,3
63,MGR007,3,4,3,3,3,4,4,4
64,MGR007,3,3,4,3,4,3,2,3
65,MGR007,3,2,3,3,4,5,4,3
66,MGR007,3,4,5,4,4,3,4,3
67,MGR007,2,3,4,2,4,3,4,4
68,MGR008,5,4,4,4,4,4,4,4
69,MGR008,4,5,4,3,5,4,5,3
70,MGR008,4,4,3,3,4,5,3,5
71,MGR008,5,5,4,3,5,5,5,3
72,MGR008,4,3,4,3,4,5,4,4
73,MGR008,3,3,5,4,4,3,4,3
74,MGR008,5,4,4,2,4,3,4,4
75,MGR008,5,5,4,5,4,5,4,4
76,MGR008,4,4,5,4,4,5,5,3
77,MGR008,5,4,4,4,3,5,3,3
78,MGR008,4,4,4,4,5,4,4,4
79,MGR008,5,4,5,4,4,4,4,4
80,MGR008,4,4,3,4,4,4,4,4
81,MGR008,3,3,4,4,4,4,4,5
82,MGR009,4,3,3,3,3,4,4,3
83,MGR009,5,3,3,3,3,3,3,3
84,MGR009,3,4,4,3,3,3,3,4
85,MGR009,5,4,3,3,3,3,3,4
86,MGR009,3,5,3,3,4,2,4,5
87,MGR009,3,3,4,2,3,3,3,3
88,MGR009,3,3,4,3,3,4,4,4
89,MGR009,2,4,3,4,3,4,3,4
90,MGR009,4,4,3,4,2,3,3,3
91,MGR009,3,4,3,4,4,4,4,3
92,MGR009,4,4,3,3,3,5,3,4
93,MGR010,2,3,3,4,3,3,3,4
94,MGR010,3,4,4,3,3,3,4,3
95,MGR010,2,4,3,3,4,3,4,3
96,MGR010,3,3,4,3,3,3,3,3
97,MGR010,3,4,3,4,4,3,4,3
98,MGR010,3,4,3,4,4,3,3,5
99,MGR010,4,4,3,4,3,3,4,4
100,MGR011,4,3,4,4,3,4,4,3
101,MGR011,5,5,4,4,4,4,3,4
102,MGR011,3,4,4,4,4,3,4,5
103,MGR011,3,4,4,4,4,5,4,3
104,MGR011,2,4,4,4,4,3,2,4
105,MGR011,3,2,4,3,4,4,3,4
106,MGR011,4,4,4,2,4,3,4,4
107,MGR011,3,4,4,4,4,4,4,3
108,MGR011,4,5,4,4,4,3,4,4
109,MGR012,4,5,3,3,4,4,3,3
110,MGR012,4,4,3,4,4,5,3,3
111,MGR012,3,3,4,4,5,3,2,4
112,MGR012,5,4,3,4,3,4,3,4
113,MGR012,4,3,4,4,5,4,4,3
114,MGR012,3,3,3,4,5,4,3,4
115,MGR012,3,3,4,3,4,2,3,3
116,MGR012,4,4,3,4,2,3,4,4
117,MGR012,2,4,4,4,2,4,4,4
118,MGR012,4,4,5,3,5,4,5,3
119,MGR012,3,2,4,5,4,4,5,4
120,MGR013,3,5,3,4,2,2,4,3
121,MGR013,3,3,5,4,4,2,4,3
122,MGR013,4,4,3,3,3,4,5,3
123,MGR013,5,4,3,3,3,4,3,3
124,MGR013,3,3,4,2,4,2,2,3
125,MGR013,3,3,3,4,3,3,2,3
126,MGR013,3,3,3,3,1,4,3,5
127,MGR013,3,3,3,3,2,4,3,3
128,MGR013,4,4,4,3,3,3,4,2
129,MGR014,1,2,2,2,3,2,3,2
130,MGR014,1,3,4,2,2,3,4,3
131,MGR014,3,3,3,2,3,3,3,4
132,MGR014,3,2,3,3,2,3,2,3
133,MGR014,3,3,3,3,3,2,2,2
134,MGR014,3,2,3,2,2,2,2,2
135,MGR014,1,4,3,3,4,2,2,4
136,MGR015,5,4,3,4,4,4,4,4
137,MGR015,4,3,5,3,4,3,4,4
138,MGR015,5,3,4,2,4,3,4,4
139,MGR015,4,5,4,5,4,4,3,4
140,MGR015,4,4,4,3,4,5,4,4
141,MGR015,4,4,4,3,3,3,3,4
142,MGR015,4,4,4,4,5,3,5,4
143,MGR015,3,3,5,2,3,5,4,4
144,MGR015,4,4,4,4,3,4,4,3
145,MGR015,4,4,4,3,4,3,5,3
146,MGR015,4,4,3,5,4,4,4,5
147,MGR015,4,4,3,4,4,4,4,3
148,MGR016,4,2,5,5,4,3,5,4
149,MGR016,4,4,4,4,3,5,3,4
150,MGR016,4,4,3,5,3,5,3,3
151,MGR016,3,4,3,4,3,4,3,5
152,MGR016,3,4,5,4,4,5,4,4
153,MGR016,4,3,4,4,5,3,4,4
154,MGR016,3,4,4,4,4,3,3,3
155,MGR016,2,3,4,5,4,4,4,3
156,MGR016,4,3,4,3,4,4,3,4
157,MGR016,3,4,4,3,5,4,4,3
158,MGR016,3,5,3,3,5,4,2,4
159,MGR016,5,4,4,5,4,3,4,2
160,MGR017,3,3,3,3,3,3,4,4
161,MGR017,3,3,3,3,4,3,2,3
162,MGR017,4,4,4,3,2,4,4,4
163,MGR017,2,2,3,5,3,4,3,4
164,MGR017,2,4,3,4,2,3,2,4
165,MGR017,3,3,4,2,3,3,4,4
166,MGR017,2,3,2,3,4,5,3,3
167,MGR018,5,4,3,5,4,3,4,4
168,MGR018,4,4,4,5,5,5,5,5
169,MGR018,4,4,4,5,3,4,5,5
170,MGR018,4,4,4,5,4,4,4,5
171,MGR018,4,4,5,5,5,5,4,5
172,MGR018,5,4,4,4,5,3,4,5
173,MGR018,4,4,3,4,5,5,4,5
174,MGR018,4,3,5,3,4,3,4,4
175,MGR019,2,3,2,2,3,2,3,2
176,MGR019,2,2,1,4,3,1,2,1
177,MGR019,2,1,2,2,3,3,2,2
178,MGR019,2,2,2,3,1,2,2,2
179,MGR019,2,2,2,1,2,2,2,1
180,MGR019,2,1,3,2,2,2,2,2
181,MGR019,2,2,3,2,2,3,4,3
182,MGR019,2,2,2,3,2,3,1,2
183,MGR020,3,3,2,2,1,2,2,2
184,MGR020,1,3,1,2,2,2,3,2
185,MGR020,1,1,2,2,2,2,2,2
186,MGR020,1,2,2,1,2,3,2,2
187,MGR020,1,1,1,2,2,1,2,2
188,MGR020,2,2,3,1,2,1,2,2
189,MGR020,2,3,3,2,3,1,2,1
190,MGR020,2,2,4,2,3,2,2,1
191,MGR020,3,3,2,2,2,1,2,4
192,MGR020,2,1,3,1,1,3,2,3
193,MGR020,3,3,2,1,2,3,3,2
194,MGR020,2,3,2,2,3,2,1,3
195,MGR021,3,3,2,2,2,3,1,4
196,MGR021,3,3,3,3,2,3,3,3
197,MGR021,2,2,3,3,2,3,3,2
198,MGR021,3,4,3,3,3,2,2,3
199,MGR021,3,3,3,3,2,2,4,3
200,MGR021,3,1,4,3,3,2,4,3
201,MGR021,2,1,4,3,3,2,3,3
202,MGR021,3,3,3,2,2,3,1,3
203,MGR021,2,3,3,3,3,3,3,3
204,MGR021,3,2,3,2,1,3,3,1
205,MGR021,3,2,2,3,2,2,4,3
206,MGR021,1,3,2,2,2,2,3,2
207,MGR021,3,3,3,2,3,3,3,3
208,MGR022,3,4,4,3,5,3,3,3
209,MGR022,2,2,5,2,3,3,3,3
210,MGR022,3,3,2,4,3,4,4,3
211,MGR022,3,4,2,3,3,2,5,3
212,MGR022,4,3,3,2,2,3,3,3
213,MGR022,4,2,3,3,3,4,3,4
214,MGR022,4,3,3,4,3,2,4,4
215,MGR022,4,3,2,3,4,2,4,3
216,MGR022,2,3,2,3,3,3,3,3
217,MGR022,4,3,3,2,3,2,3,4
218,MGR022,3,3,3,2,1,3,2,3
219,MGR022,4,2,2,3,2,4,4,1
220,MGR022,3,3,3,2,3,4,2,2
221,MGR023,4,4,4,4,4,3,4,4
222,MGR023,3,3,4,3,2,3,4,4
223,MGR023,3,3,3,2,4,4,4,4
224,MGR023,4,3,3,3,4,3,3,4
225,MGR023,4,3,3,4,5,3,3,4
226,MGR023,4,4,4,4,4,3,2,3
227,MGR023,4,3,4,3,5,3,3,3
228,MGR023,2,3,3,4,4,4,4,4
229,MGR023,4,3,3,3,3,3,3,3
230,MGR023,2,3,4,4,4,3,3,5
231,MGR023,3,3,3,4,4,3,4,2
232,MGR023,5,4,3,3,4,3,3,3
233,MGR023,4,4,3,4,3,3,4,3
234,MGR023,3,5,4,3,4,3,4,3
235,MGR023,4,5,3,3,3,3,3,4
236,MGR024,4,2,3,2,4,2,4,4
237,MGR024,3,5,4,4,3,2,3,3
238,MGR024,5,3,4,3,4,3,4,4
239,MGR024,4,5,3,4,3,4,3,4
240,MGR024,4,3,3,2,3,3,3,4
241,MGR024,3,2,3,5,3,3,3,3
242,MGR024,4,2,3,4,4,3,4,3
243,MGR024,3,3,3,3,2,4,3,4
244,MGR024,3,3,3,3,4,3,3,3
245,MGR024,4,3,4,2,3,4,4,4
246,MGR024,4,4,3,3,2,4,3,3
247,MGR024,3,3,3,2,4,3,4,3
248,MGR024,2,4,3,3,2,4,2,3
249,MGR025,4,4,4,3,3,4,3,2
250,MGR025,4,3,3,3,4,3,3,4
251,MGR025,4,3,4,4,5,3,3,4
252,MGR025,3,3,3,5,3,3,3,3
253,MGR025,3,3,4,3,3,4,4,3
254,MGR025,4,4,4,4,5,3,4,3
255,MGR025,4,4,4,4,4,4,3,4
256,MGR025,3,3,3,3,2,3,3,4
257,MGR025,3,3,4,3,4,3,2,3
258,MGR026,4,3,3,4,4,3,3,3
259,MGR026,4,2,3,2,4,4,3,4
260,MGR026,4,4,3,3,3,1,4,3
261,MGR026,4,4,3,2,3,4,3,4
262,MGR026,3,4,4,4,3,4,4,3
263,MGR026,3,3,3,3,4,3,2,5
264,MGR026,3,3,5,3,3,2,2,3
265,MGR027,2,3,5,4,4,4,4,3
266,MGR027,5,4,3,4,3,4,5,5
267,MGR027,5,2,4,4,5,4,5,4
268,MGR027,3,3,3,5,4,4,5,5
269,MGR027,5,3,5,4,3,4,5,3
270,MGR027,5,4,2,4,4,4,4,4
271,MGR027,5,3,4,5,4,4,4,5
272,MGR027,3,4,4,5,4,4,4,5
273,MGR027,5,4,3,5,3,4,4,4
274,MGR027,4,4,4,3,5,3,4,5
275,MGR027,4,4,4,4,4,5,4,4
276,MGR027,4,4,4,4,3,5,4,4
277,MGR028,4,2,2,2,2,3,3,2
278,MGR028,3,4,3,3,4,2,3,3
279,MGR028,2,4,3,3,4,2,2,2
280,MGR028,3,4,2,3,3,3,3,4
281,MGR028,2,2,3,4,2,3,4,4
282,MGR028,2,3,3,3,2,3,3,3
283,MGR028,2,4,4,4,4,3,3,3
284,MGR028,3,3,3,4,3,4,3,3
285,MGR028,4,3,2,3,2,3,2,3
286,MGR028,3,2,3,4,3,2,3,3
287,MGR028,3,2,3,3,3,3,3,3
288,MGR028,3,2,3,4,2,4,2,2
289,MGR028,3,3,2,2,3,3,4,4
290,MGR028,3,2,3,3,1,4,3,4
291,MGR028,4,3,3,3,2,3,3,2
292,MGR029,3,3,4,4,3,4,2,3
293,MGR029,4,3,2,4,3,3,4,3
294,MGR029,2,4,3,3,3,3,3,4
295,MGR029,4,3,3,3,3,4,4,3
296,MGR029,3,2,3,3,3,2,3,4
297,MGR029,3,4,3,4,3,3,3,4
298,MGR029,3,2,3,4,3,4,4,3
299,MGR029,3,3,3,4,3,3,4,4
300,MGR029,4,2,3,2,2,2,3,3
301,MGR029,3,3,3,4,4,3,4,3
302,MGR029,3,4,2,3,3,3,4,3
303,MGR029,4,5,4,3,5,4,3,2
304,MGR029,4,4,3,2,3,3,3,3
305,MGR029,3,3,3,3,4,3,4,4
306,MGR029,3,4,3,4,3,4,4,4
307,MGR030,4,3,3,3,4,2,3,2
308,MGR030,3,5,3,3,3,4,3,3
309,MGR030,3,3,2,2,4,3,4,3
310,MGR030,2,3,3,4,3,3,3,4
311,MGR030,3,3,3,3,4,2,4,2
312,MGR030,2,4,1,3,3,2,3,2
313,MGR030,3,2,2,3,3,4,3,3
314,MGR030,3,2,3,2,4,3,2,3
315,MGR031,3,4,4,3,4,2,4,3
316,MGR031,4,3,2,4,4,3,3,4
317,MGR031,4,4,4,3,3,4,4,3
318,MGR031,4,5,3,3,3,4,3,4
319,MGR031,3,2,3,3,3,4,3,3
320,MGR031,3,4,4,3,4,3,3,3
321,MGR031,4,4,3,3,3,4,3,5
322,MGR031,4,4,4,3,4,3,4,4
323,MGR032,3,5,3,4,3,5,4,3
324,MGR032,4,5,3,4,4,4,4,4
325,MGR032,4,4,5,5,4,3,4,5
326,MGR032,3,5,4,4,5,4,3,4
327,MGR032,3,3,3,4,3,4,4,4
328,MGR032,5,2,3,4,4,4,3,4
329,MGR033,4,4,5,4,4,4,4,4
330,MGR033,3,4,4,4,3,5,5,5
331,MGR033,4,5,5,4,3,5,4,5
332,MGR033,4,4,3,4,4,5,4,4
333,MGR033,5,3,5,2,5,4,4,3
334,MGR033,5,5,5,3,3,4,5,4
335,MGR033,4,4,5,4,5,4,5,5
336,MGR034,4,5,4,4,3,2,3,4
337,MGR034,3,5,3,3,5,3,3,4
338,MGR034,4,3,3,4,4,4,4,4
339,MGR034,3,3,2,4,4,3,4,3
340,MGR034,4,3,3,3,5,4,4,4
341,MGR034,4,3,4,4,5,3,3,3
342,MGR034,4,4,4,3,4,4,5,3
343,MGR034,4,4,5,4,5,4,4,4
344,MGR034,4,3,5,4,4,5,4,4
345,MGR034,4,4,3,5,2,3,4,4
346,MGR034,3,3,3,4,3,4,3,4
347,MGR035,4,3,3,4,3,3,4,4
348,MGR035,5,3,4,4,3,4,3,3
349,MGR035,3,4,2,4,3,2,4,3
350,MGR035,3,4,3,4,2,3,3,3
351,MGR035,4,3,4,4,3,3,3,4
352,MGR035,4,3,5,3,3,3,5,3
353,MGR035,4,4,4,3,3,4,3,3
354,MGR035,4,3,5,4,3,3,4,4
355,MGR035,4,4,3,3,3,4,5,3
356,MGR035,3,4,4,4,3,3,4,3
357,MGR035,5,3,4,4,3,3,5,4
358,MGR036,3,3,4,3,4,3,2,2
359,MGR036,5,4,4,3,2,3,2,4
360,MGR036,3,2,4,3,4,4,2,5
361,MGR036,2,4,3,2,3,2,4,3
362,MGR036,4,3,3,3,4,3,4,3
363,MGR036,3,3,4,3,4,4,3,3
364,MGR036,4,3,3,3,3,3,3,4
365,MGR036,3,2,4,3,4,3,4,3
366,MGR036,4,3,3,2,2,3,3,3
367,MGR037,4,4,3,4,4,5,3,5
368,MGR037,3,4,3,3,4,3,2,4
369,MGR037,4,3,4,3,4,3,4,5
370,MGR037,4,3,3,4,4,4,4,5
371,MGR037,3,2,3,4,3,4,3,4
372,MGR037,4,4,5,4,4,4,4,4
373,MGR037,3,4,3,4,4,3,3,4
374,MGR037,3,4,4,5,3,4,3,5
375,MGR037,4,3,4,3,3,4,3,4
376,MGR038,2,2,4,4,3,2,3,4
377,MGR038,3,2,3,4,4,4,4,4
378,MGR038,3,5,3,4,3,3,3,3
379,MGR038,4,3,3,3,5,4,3,2
380,MGR038,3,2,3,3,4,3,3,3
381,MGR038,2,3,2,4,4,5,3,3
382,MGR038,3,3,3,2,2,3,4,4
383,MGR038,3,4,4,2,4,3,3,3
384,MGR038,2,4,3,3,2,3,3,3
385,MGR038,3,3,3,3,4,4,3,2
386,MGR038,4,2,3,2,2,3,3,3
387,MGR038,3,3,4,3,3,2,4,3
388,MGR038,4,3,3,1,3,4,3,4
389,MGR038,3,4,3,3,3,3,3,3
390,MGR039,3,4,4,3,3,3,3,4
391,MGR039,3,4,4,4,4,3,3,3
392,MGR039,4,3,3,4,3,4,4,2
393,MGR039,3,4,4,4,3,3,3,3
394,MGR039,3,3,3,3,4,5,4,3
395,MGR039,3,3,5,4,3,4,5,4
396,MGR039,3,4,5,4,2,4,4,4
397,MGR039,4,4,3,4,3,4,5,3
398,MGR039,4,5,5,3,4,3,3,3
399,MGR039,5,3,4,2,3,4,4,3
400,MGR040,4,3,4,4,4,4,4,3
401,MGR040,3,3,3,3,3,4,4,3
402,MGR040,2,3,4,3,4,4,4,4
403,MGR040,3,3,1,4,4,3,3,5
404,MGR040,3,4,3,3,3,4,4,3
405,MGR040,3,3,2,4,3,3,3,3
406,MGR040,2,4,3,2,2,3,3,3
407,MGR040,3,4,4,3,3,3,4,3
408,MGR040,4,2,3,3,4,4,3,3
409,MGR040,3,2,4,5,4,5,4,3
410,MGR040,3,3,2,4,4,4,4,4
411,MGR040,3,4,3,5,4,3,2,3
412,MGR040,3,3,3,4,3,3,3,3
413,MGR040,3,3,3,2,3,3,4,3
414,MGR041,4,4,4,5,4,4,4,3
415,MGR041,4,4,3,3,4,4,4,4
416,MGR041,4,5,5,4,4,4,4,4
417,MGR041,3,4,4,4,3,3,4,4
418,MGR041,4,3,4,3,4,4,3,3
419,MGR041,4,4,4,4,4,3,5,3
420,MGR041,4,3,4,3,4,4,3,3
421,MGR041,4,3,4,5,3,3,4,4
422,MGR041,4,3,5,5,4,4,3,3
423,MGR041,4,4,3,4,3,4,4,4
424,MGR041,4,3,4,3,3,3,4,3
425,MGR041,4,3,4,4,3,4,3,3
426,MGR041,3,3,2,3,4,4,3,3
427,MGR041,3,4,3,4,5,5,4,4
428,MGR041,2,3,4,3,3,4,5,4
429,MGR042,4,5,4,4,5,4,3,3
430,MGR042,5,3,4,5,3,4,4,5
431,MGR042,4,4,4,4,4,3,4,4
432,MGR042,3,3,4,4,3,3,2,5
433,MGR042,5,5,3,4,4,4,5,3
434,MGR042,3,4,4,4,4,5,3,4
435,MGR042,4,3,4,4,4,4,5,5
436,MGR042,3,4,3,3,4,4,4,4
437,MGR042,3,3,3,3,4,4,4,4
438,MGR043,4,2,1,3,2,2,2,2
439,MGR043,3,3,3,3,3,3,4,2
440,MGR043,3,2,3,3,2,3,4,1
441,MGR043,3,2,4,2,3,3,3,3
442,MGR043,3,3,3,3,2,1,3,3
443,MGR043,2,3,3,2,2,2,3,3
444,MGR043,3,2,3,1,2,3,3,3
445,MGR043,3,3,1,3,3,3,3,3
446,MGR044,2,4,5,3,3,3,2,4
447,MGR044,4,4,4,4,3,4,4,3
448,MGR044,3,3,4,2,3,4,3,4
449,MGR044,4,4,4,4,2,3,4,3
450,MGR044,3,3,4,4,3,4,4,3
451,MGR044,4,2,4,4,4,3,3,4
452,MGR044,3,4,3,4,5,3,3,3
453,MGR044,3,3,4,1,3,4,3,3
454,MGR044,3,3,3,4,4,4,4,3
455,MGR044,3,3,3,4,2,3,4,3
456,MGR044,3,4,3,4,3,2,3,4
457,MGR044,3,3,5,3,4,4,2,4
458,MGR044,3,4,4,3,3,4,4,3
459,MGR044,3,2,2,4,3,3,2,4
460,MGR044,4,3,3,3,4,4,3,4
461,MGR045,3,4,4,3,4,3,3,4
462,MGR045,3,3,3,4,3,4,3,4
463,MGR045,2,3,3,4,2,3,3,3
464,MGR045,4,4,3,4,4,4,4,4
465,MGR045,2,4,3,2,4,4,3,4
466,MGR045,5,3,3,3,3,2,2,3
467,MGR045,4,4,3,3,3,3,3,4
468,MGR045,3,2,2,3,3,4,2,3
469,MGR045,4,4,3,4,2,3,3,2
470,MGR045,3,4,4,3,3,3,2,3
471,MGR045,3,4,3,4,3,4,3,3
472,MGR045,3,3,4,3,3,4,2,4
473,MGR046,4,3,3,4,3,5,5,4
474,MGR046,3,4,3,4,3,3,5,3
475,MGR046,5,3,4,5,3,3,3,3
476,MGR046,3,3,4,5,4,4,3,4
477,MGR046,4,4,4,4,3,3,4,4
478,MGR046,3,2,4,4,4,3,3,5
479,MGR046,4,4,4,4,4,5,3,5
480,MGR046,3,4,4,4,3,4,4,4
481,MGR047,5,3,3,3,5,3,4,3
482,MGR047,2,3,3,4,4,2,4,4
483,MGR047,4,4,4,3,3,4,3,4
484,MGR047,4,4,3,3,4,4,3,4
485,MGR047,3,3,3,3,5,4,2,3
486,MGR047,3,4,3,3,4,3,4,4
487,MGR047,4,4,4,4,3,3,4,3
488,MGR047,4,3,3,4,4,2,3,4
489,MGR047,3,3,5,4,3,4,4,3
490,MGR047,3,4,3,3,4,4,4,3
491,MGR047,3,4,4,3,3,4,4,4
492,MGR047,3,4,5,4,3,4,4,3
493,MGR048,4,3,3,4,4,4,3,3
494,MGR048,4,4,3,3,3,3,4,3
495,MGR048,4,4,4,2,3,4,3,3
496,MGR048,5,5,4,3,5,3,2,3
497,MGR048,3,3,4,3,2,5,3,4
498,MGR048,4,3,4,4,3,4,3,3
499,MGR048,3,4,3,4,4,4,3,3
500,MGR048,3,3,3,4,4,4,4,4
501,MGR048,3,4,4,4,4,4,4,4
502,MGR048,5,4,3,4,4,4,3,5
503,MGR048,4,5,3,5,3,4,4,3
504,MGR049,4,3,4,4,4,4,4,5
505,MGR049,4,4,4,4,4,4,3,4
506,MGR049,5,4,4,5,4,4,3,4
507,MGR049,3,3,4,4,2,4,4,4
508,MGR049,5,4,5,4,4,4,4,5
509,MGR049,5,4,5,3,5,5,4,5
510,MGR049,3,4,4,4,3,4,3,3
511,MGR049,3,3,3,5,3,3,4,5
512,MGR049,4,3,4,4,4,4,4,4
513,MGR049,5,5,3,5,3,4,4,3
514,MGR049,5,4,4,4,3,4,4,4
515,MGR049,4,4,4,4,4,4,4,4
516,MGR049,4,3,3,4,4,4,4,3
517,MGR049,4,4,5,4,2,3,4,5
518,MGR049,5,3,4,4,4,4,5,5
519,MGR050,3,4,4,4,4,3,5,4
520,MGR050,4,5,3,5,5,5,4,4
521,MGR050,4,4,4,4,4,3,3,4
522,MGR050,4,2,5,4,4,4,5,5
523,MGR050,5,4,4,4,4,3,4,4
524,MGR050,4,4,3,5,4,3,5,4
525,MGR050,5,5,4,4,5,4,4,4
526,MGR050,5,5,4,4,4,4,4,4
527,MGR051,2,2,2,3,3,2,2,2
528,MGR051,4,3,3,4,3,4,2,3
529,MGR051,4,3,4,4,3,4,2,3
530,MGR051,3,2,3,3,4,4,4,3
531,MGR051,3,4,4,3,4,2,4,4
532,MGR051,2,3,2,4,3,3,3,4
533,MGR051,3,3,3,3,2,4,2,4
534,MGR051,1,4,3,2,3,4,3,4
535,MGR051,1,3,3,3,4,3,3,3
536,MGR051,3,2,4,2,3,2,3,3
537,MGR051,2,3,2,4,2,4,3,3
538,MGR051,4,4,1,4,3,4,3,3
539,MGR051,3,4,4,3,3,3,5,4
540,MGR051,3,3,3,3,3,4,4,2
541,MGR051,2,4,4,3,4,4,3,4
542,MGR052,2,3,2,3,2,2,2,3
543,MGR052,3,3,2,2,4,2,2,3
544,MGR052,4,3,2,3,3,3,3,3
545,MGR052,2,2,3,2,2,3,3,3
546,MGR052,2,2,3,2,3,2,4,3
547,MGR052,3,3,2,3,3,3,3,4
548,MGR052,4,2,3,2,3,4,3,3
549,MGR052,2,3,3,3,2,3,1,2
550,MGR052,2,5,3,2,3,2,1,3
551,MGR052,3,2,3,3,2,3,2,2
552,MGR052,2,3,4,2,3,3,2,2
553,MGR052,3,3,4,5,3,2,2,2
554,MGR052,3,4,4,1,2,3,2,3
555,MGR052,3,2,2,3,3,3,3,2
556,MGR052,2,2,3,3,3,3,2,3
557,MGR053,3,2,2,3,3,3,3,1
558,MGR053,4,4,2,3,3,3,2,2
559,MGR053,2,3,2,2,3,4,3,2
560,MGR053,2,3,2,4,1,3,3,4
561,MGR053,3,3,3,4,3,3,3,3
562,MGR053,3,3,3,3,4,2,2,3
563,MGR053,2,2,3,2,3,4,2,3
564,MGR054,4,4,4,4,3,3,4,4
565,MGR054,3,5,4,3,5,4,3,4
566,MGR054,5,5,4,4,5,4,4,5
567,MGR054,3,4,4,4,3,5,4,4
568,MGR054,4,4,4,4,3,3,4,5
569,MGR054,3,3,5,4,4,5,5,4
570,MGR054,4,4,4,4,4,4,4,4
571,MGR055,2,2,3,5,3,3,2,4
572,MGR055,2,3,5,3,3,3,2,4
573,MGR055,2,2,3,3,2,3,3,3
574,MGR055,3,3,3,4,3,3,3,3
575,MGR055,4,2,2,4,4,4,4,2
576,MGR055,4,4,4,2,3,3,3,2
577,MGR055,4,4,4,3,2,2,3,2
578,MGR055,4,2,2,4,4,4,2,3
579,MGR055,3,3,2,3,4,3,2,5
580,MGR055,3,2,3,3,3,3,2,4
581,MGR055,4,3,3,3,3,4,3,3
582,MGR056,3,2,3,4,2,3,4,2
583,MGR056,3,3,3,3,3,3,4,3
584,MGR056,5,3,2,3,3,3,4,3
585,MGR056,3,5,4,2,4,3,3,3
586,MGR056,3,3,3,2,3,3,4,3
587,MGR056,4,4,2,3,4,4,3,3
588,MGR057,3,3,4,2,2,4,4,3
589,MGR057,3,2,3,3,2,3,3,3
590,MGR057,3,3,3,2,3,4,3,4
591,MGR057,3,4,2,3,4,3,4,2
592,MGR057,4,3,4,4,2,2,5,3
593,MGR057,4,3,3,3,3,4,4,4
594,MGR057,2,4,3,3,3,3,3,4
595,MGR057,2,3,5,3,4,3,4,2
596,MGR058,3,3,3,3,3,2,3,2
597,MGR058,4,3,4,2,4,3,3,3
598,MGR058,3,3,3,4,3,2,3,3
599,MGR058,2,3,4,4,4,4,2,3
600,MGR058,4,4,3,2,3,4,2,4
601,MGR058,3,3,3,3,3,3,4,3
602,MGR058,2,3,4,3,2,2,4,4
603,MGR058,4,3,2,3,2,4,3,2
604,MGR058,3,2,3,3,3,4,3,2
605,MGR058,3,4,2,4,3,3,2,2
606,MGR059,3,4,4,5,3,3,3,3
607,MGR059,3,5,3,3,4,5,3,3
608,MGR059,3,3,4,4,4,2,3,3
609,MGR059,4,4,3,3,4,3,4,4
610,MGR059,4,3,3,3,3,3,3,3
611,MGR059,3,4,3,4,3,4,3,4
612,MGR059,3,3,4,3,4,3,2,3
613,MGR059,4,3,4,3,3,4,3,3
614,MGR059,5,3,3,4,2,4,4,4
615,MGR059,3,4,3,3,4,3,3,3
616,MGR059,4,4,3,4,2,4,3,4
617,MGR059,3,3,3,4,5,1,4,3
618,MGR059,4,4,3,4,4,3,3,3
619,MGR059,4,3,3,3,2,3,3,3
620,MGR059,4,4,3,4,4,4,3,4
621,MGR060,4,4,3,4,4,5,4,3
622,MGR060,5,4,3,4,3,5,3,3
623,MGR060,3,5,5,4,3,5,4,4
624,MGR060,3,5,4,3,4,5,4,4
625,MGR060,4,4,3,4,3,5,5,4
626,MGR060,5,4,3,3,5,3,4,3
627,MGR060,4,5,5,3,3,3,4,4
628,MGR060,3,4,4,4,4,4,4,5
629,MGR060,5,5,5,5,4,4,5,4
630,MGR060,3,4,5,4,3,5,5,4
631,MGR060,3,4,4,5,4,4,4,4
632,MGR060,5,4,5,3,4,3,4,5
633,MGR060,4,4,4,4,5,4,4,4
634,MGR060,4,4,4,4,4,3,4,4
635,MGR060,4,4,3,4,3,4,4,5
